SetDesc: "GRV-P1 pion PDF -- next-to-leading order"
Authors: M. Gluck, E. Reya, A. Vogt
Reference: Z.Phys. C53 (1992) 651-656
Format: lhagrid1
SetIndex: 252
DataVersion: 1
NumMembers: 1
Particle: 211
Flavors: [-5, -4, -3, -2, -1, 1, 2, 3, 4, 5, 21]
OrderQCD: 1
FlavorScheme: variable
NumFlavors: 5
XMin: 1e-05
XMax: 1
QMin: 0.547723
QMax: 1000
MZ: 91.1876
MUp: 0
MDown: 0
MStrange: 0
MCharm: 1.43
MBottom: 4.3
MTop: 180
AlphaS_MZ: 0.108945
AlphaS_OrderQCD: 1
AlphaS_Type: ipol
AlphaS_Qs: [5.477226e-01, 6.384408e-01, 7.441845e-01, 8.674423e-01, 1.011115e+00, 1.178584e+00, 1.373791e+00, 1.601329e+00, 1.866554e+00, 2.175708e+00, 2.536066e+00, 2.956109e+00, 3.445724e+00, 4.016432e+00, 4.681666e+00, 5.457081e+00, 6.360927e+00, 7.414475e+00, 8.642520e+00, 1.007396e+01, 1.174249e+01, 1.368738e+01, 1.595440e+01, 1.859689e+01, 2.167706e+01, 2.526739e+01, 2.945237e+01, 3.433051e+01, 4.001661e+01, 4.664448e+01, 5.437011e+01, 6.337533e+01, 7.387206e+01, 8.610735e+01, 9.118760e+01, 1.003691e+02, 1.169931e+02, 1.363704e+02, 1.589572e+02, 1.852849e+02, 2.159733e+02, 2.517446e+02, 2.934405e+02, 3.420425e+02, 3.986943e+02, 4.647293e+02, 5.417015e+02, 6.314225e+02, 7.360037e+02, 8.579066e+02, 1.000000e+03]
AlphaS_Vals: [5.418940e-01, 4.668174e-01, 4.117406e-01, 3.694072e-01, 3.357170e-01, 3.081762e-01, 2.851789e-01, 2.667596e-01, 2.511011e-01, 2.373091e-01, 2.250544e-01, 2.140829e-01, 2.041951e-01, 1.952317e-01, 1.874465e-01, 1.805731e-01, 1.742096e-01, 1.682993e-01, 1.627940e-01, 1.576521e-01, 1.528376e-01, 1.483193e-01, 1.440701e-01, 1.400658e-01, 1.362854e-01, 1.327102e-01, 1.293235e-01, 1.261104e-01, 1.230576e-01, 1.201532e-01, 1.173864e-01, 1.147475e-01, 1.122275e-01, 1.098185e-01, 1.089445e-01, 1.075133e-01, 1.053050e-01, 1.031877e-01, 1.011556e-01, 9.923729e-02, 9.753052e-02, 9.588257e-02, 9.429039e-02, 9.275118e-02, 9.126228e-02, 8.982125e-02, 8.842577e-02, 8.707369e-02, 8.576299e-02, 8.449178e-02, 8.325828e-02]
AlphaS_Lambda4: 0.2
AlphaS_Lambda5: 0.1303
