SetDesc: "GRV-P1 pion PDF -- leading order"
Authors: M. Gluck, E. Reya, A. Vogt
Reference: Z.Phys. C53 (1992) 651-656
Format: lhagrid1
SetIndex: 251
DataVersion: 1
NumMembers: 1
Particle: 211
Flavors: [-5, -4, -3, -2, -1, 1, 2, 3, 4, 5, 21]
OrderQCD: 0
FlavorScheme: variable
NumFlavors: 5
XMin: 1e-05
XMax: 1
QMin: 0.5
QMax: 1000
MZ: 91.1876
MUp: 0
MDown: 0
MStrange: 0
MCharm: 1.43
MBottom: 4.3
MTop: 180
AlphaS_MZ: 0.128105
#AlphaS_Type: ipol
#AlphaS_Qs: [5.000000e-01, 5.838993e-01, 6.818768e-01, 7.962948e-01, 9.299120e-01, 1.085950e+00, 1.268171e+00, 1.480968e+00, 1.729473e+00, 2.019676e+00, 2.358574e+00, 2.754340e+00, 3.216514e+00, 3.756241e+00, 4.386533e+00, 5.122588e+00, 5.982151e+00, 6.985947e+00, 8.158180e+00, 9.527111e+00, 1.112575e+01, 1.299263e+01, 1.517278e+01, 1.771875e+01, 2.069193e+01, 2.416401e+01, 2.821870e+01, 3.295375e+01, 3.848335e+01, 4.494080e+01, 5.248181e+01, 6.128818e+01, 7.157225e+01, 8.358198e+01, 9.118760e+01, 9.760692e+01, 1.139852e+02, 1.331118e+02, 1.554478e+02, 1.815317e+02, 2.119925e+02, 2.475645e+02, 2.891055e+02, 3.376170e+02, 3.942686e+02, 4.604264e+02, 5.376853e+02, 6.279082e+02, 7.332703e+02, 8.563120e+02, 1.000000e+03]
#AlphaS_Vals: [5.859830e-01, 5.184764e-01, 4.649170e-01, 4.213870e-01, 3.853106e-01, 3.549242e-01, 3.289802e-01, 3.310964e-01, 3.099811e-01, 2.913975e-01, 2.749161e-01, 2.601993e-01, 2.469780e-01, 2.350354e-01, 2.436897e-01, 2.329452e-01, 2.231081e-01, 2.140682e-01, 2.057323e-01, 1.980214e-01, 1.908675e-01, 1.842125e-01, 1.780060e-01, 1.722040e-01, 1.667684e-01, 1.616654e-01, 1.568654e-01, 1.523422e-01, 1.480726e-01, 1.440357e-01, 1.402132e-01, 1.365883e-01, 1.331460e-01, 1.298731e-01, 1.281051e-01, 1.267571e-01, 1.237872e-01, 1.209533e-01, 1.182462e-01, 1.266727e-01, 1.239591e-01, 1.213593e-01, 1.188663e-01, 1.164737e-01, 1.141755e-01, 1.119662e-01, 1.098408e-01, 1.077946e-01, 1.058233e-01, 1.039227e-01, 1.020892e-01]
AlphaS_Type: analytic
AlphaS_OrderQCD: 1
AlphaS_Lambda4: 0.2
AlphaS_Lambda5: 0.1519
Note: alpha_s was broken in LHAPDF5. This version uses approximate 1st order running from reported Lambda4,5 values.
